$ANSIBLE_VAULT;1.1;AES256
63343263396331343236366535333964333437396338633462643338636462376538393466363834
6535353164376332343066323561326334313035313431610a346635323733643964363063653936
34383832383930643463653933613763316339383735303638346531393562306662303433333763
3939393630663431350a303561363339643638353635376331616334393134626535323830343532
35373663373133663931346262656465626366643937633331333964363535336130663938383139
33373365353834656364653562326436393566393164663338346234633861393630363466636262
35363332393138316137373933643837353339353535623161333837363434316639646665646436
32376364313561373365626463653234383366383736356130383832333763663837346432353565
35663030303362323738346534323763623038383532363463616134353364373964383061373731
32626261346666336437343863303236323038363966623930393238323966383238336663306464
34653230393064613036396139326130376234383038626636323539303937343766363538636630
37333134363463383730643362363031356263343531343438333137376136653732373734613138
61313832333138326165376264336136333165353036393333643361616233316530356435303439
61393933376139336364346230336536666161646661363163643466383361623166326237373065
33393832366361366333663664653437363436313538326433336139343136613037373337343566
30356365323763343335666434313834626235353735393761656534323231376363383066366563
64343862356165303963346563336463303233363733376433636565393433663032653435326630
33313739346633646663383331396261346363393839616363363165326139643566303434383235
32393539653330616664383132353862303736396465663232333762653533313866653636633135
34336162643265336465313433343535653662313964306363356139616631383464373638636139
39303564623839643466626262373634623461336362623734316661353737343037353237383666
37356533363335336233366265353839633866336237333763646638643466333234323563343730
62303833386535313363656531326262386261313165316132336333663764323735373131666537
65383733313362646362313834303162303362626535666231386165366436656336643739376161
36316430393137396537613037653033636131633838383539393565316335306137313861633333
34363962653462636364333164383062623066633964356330653830643962636235653734386566
66643936316262343865383562643761346662636631613434383335653765313834333938376232
36366163303463656631623033323066303061393566613662303134343736323435303064313230
37653365346630393165663665663132636430656163383630353139323663383763633036623462
35343566383339323939343934303431613633303836626235383836306231636138643165633466
36643265633437386638633265316362626466373131633331363433636333396338303165306331
37336535653832666239326264356133343036666362663534356265663531353434626530343135
65303665333462393430366239336532643563363461626136666334643932373038386561356265
32303432333539386463323430626362616339646362316136363533366233623633353864383837
31656361323737363937633538613235626264636364653433633239363834376333626530633963
64626530316235303036363533373234626236396130646466373039383232313161316133633836
32643633346632323466323335313537303336626465373637353739326563346465623561343136
65386131623532643839346362643737383132633461656664346232343362363133666564363636
30313335303537363533646632613934313537653638356266363661313338353733366164346561
36346239303064633431383935653630323436323666613732363762373461623332613466623739
62616165656363363562333464663833343730356236623161393038376665363764663862323362
36316262396163646464393139613937363032303265353331353065666366376538663163343761
35336437363237386338386138313532333032643539613731343162643137313336666361396662
30613264393665623835396166663264333535353739306466333437393463346262356236303534
65306232356436366439356130326661646632373239616332386237323538653233613331383635
62623238386239656532633563373132666266613463346231306463326130613063373439323837
63616361373337343162656361303430633934663763373131376561393265326535316633383838
39376335613866343862313036356130626137636261643137386632373164656132666537666230
61663130656330353832343438313136336466626263326239623865623031316539383462633730
39363932363335383737356538383437303037346332626230366633616138323336303237333830
38623230643963336231653065613338336133303466663561333863633130306135616432376262
62636430373731376161626461626165393034623262353635613231636564383265323531353031
30313338623338363164646463386434383538626661646166613738326237663062623033643863
39623533643339363930353463303833336261313832613730346530626262663064393265343238
38333031663034383964376330316661643136333064343431353331313064333032313761643737
32353766636661653438316237393261363136326132353132356562653963353466303235356335
66653861373833383438653363663739393135303066353834353436666637356239393863646132
35653639656164656336643838396461663837353161616539613563343665656234623264636363
34626334346536343230623834616231616333616430663534623135393939636531633035396239
38363064616462363062363765356232323536613835326538623966316661663737383230343635
36366364653037636634633630356264306566633735383566316336393833306436653438623633
33363637663331313164316361656563636335333839363836376339316566373065346161343866
32663365613139303432346364343939663932653735316633346264653962393436316238613937
39636532396539303936616631616161623964326436303434383862343635393730663939396638
30363531383032313530623430383962343831363132383936646535303366636162306435373434
38306463393863643738326662613365313566316562336635363831353164626132356466653033
36353865393734363166616537386132353438386431376335353663343439393234656439396464
65656366313030306565663534646139323531643834646230383039373836323131636265373562
37343439303865663031623339353966633231643630356363666564633564656135306633663633
61646530396438366364346331323764643866356264626262363330396530636365373662663161
38306162393936323439323136653865613035633562393133313463616339643566313932323462
39373033356631356633343363383833663738633163313066346666343036336439633832316537
34373031363561613132343632653464626530343536663163373934636331646435643337666434
37313365613737346131643139393661636333366465333037313463643264646435626434316164
32346436363330393335363233613630626133626436346662326136323237363739626137626565
38623061656436613438323031656365353131663335366635393930363562616664306330333562
65303165613761393161656637306366326666663433373965376533343666343238336365346465
64356135313130373964353665373066626530393733346335636330303631663562653034363734
39323539386562333438326665643533396462343639306234323230306132303132373662373833
32353261656461396361646430376561643032303339373037356263386635643662363331393430
38653030616630343937383861336636356535383534383430306462396533616264653336353862
36333261356231346166633833383264393336643265666637323061356335613337663233383334
33653439363938666438323332623738383238656539626266613539323231356433306237663165
35626464343233386534633636343930623831623062623062643961316163316435333237626362
63373331633938633465653935336634343263326532383836356631623965323035366434386362
38383933666262386332626530333339636139316166373831383033313832616466313261353161
31393166396131643736333661623063326363643231366361633939333066333037343139353735
37393531653062353731626234396433326361333965383337616633373764353430313465613061
38306564303834333132343539323435323266643036666138333664353334383338386663623363
33633337333935323363373734633737633432313730613930383834656163376566363063633731
37363063663163613439356537626361383031323638653533663863316165393337393565623730
34653336336664636430613036356465656666346561666666316337326131323165383736343733
62613232356235636531396336613932626261393432373263613430613439313033636530336664
61613537393366396534633465316262626637393738653737636666633264353463343462326233
33323532386662646136333236333662323834303062666164373132336134653036306365623331
64386531336263343165626161613063363830383961326139366662333736666334383939326563
34623461376339646639336237363565303931646363623831623831396462343663376138373032
61333035363736396165653933343932396165383134316638653639623530346133646538386634
36306365623533326331383732356537396530343835663630633163346164393933363531616337
33656266656636303033396432376263343066643664343839373831616564356633366138343061
65303264633734663064383936383638373939303432653564363035633833663463306135643831
35326137333136343834323262633932353030626563393231373436353538316561643339623233
36653836633634633864393566376536373961333861656339383066633964363032343039653461
36616539353437373738343138643538613431323337633832633136353563616564333235366136
66393237653038356633323338313661396639373561313165656234303434303866626538323837
36396437353261623035343537303930316338363262373833646665393834626437663639646261
35643235613038653438633137613437623966343962303834633866633937353231653634373731
37333635316361663034363939656362383933303237303235656263343663663731353366623737
37306530383733333232376562383466663530643439343530316135313536396331646531383962
66653536633238343331383264623062313235613462656330363533383263393464363237636136
32336533626334356239363463396236663935643166623239643465343165386364666135333065
64613262323462313066613762323463396538383832366439366163366163376433343438313730
38376566363664633936613834393937616234626234623934303932366262326135653936366362
63336664396331373830313432353831633733353539326261633066326336383664643166386632
32636630316239633461306537326332336331346335626433383035326538663734353235623236
30393836633935333731323233343362633132333164663262343231666338323638376464616136
31633664326130373063356566393362616237386563613837636566633338376361663838386232
33643634613232326138353631666532366637306636326166626130343966306636306661393939
35346439613332383464666131353638316462353064323466383935613264393437346330653538
35303834303232363366633330353832643030386531306439343065393164633933613166323862
36306630373366656465393664626161366434306364636638623766636362656338653535376165
36333364383636656130393263613431613866356133373234316262303661666331383261356237
37383139643836373938386636613833316266323263636361306134613838316232666137636636
63313535333864353866366464643637376263656266323838343133613133336361333536386363
37663166383232666464323239653437333231373737343062303734323232636562636539323565
66313164346538613137353061363935633239373537356662313939633434343131333564663663
36613736663536383035656534396530326630383332303866326366633864623464333362346564
33336638326430616164623364633735663265376539653461343064613466376436383338346333
38313335393066666264636132646362336236623639363737633161366539343331616134383532
38383738643531636239653762343563653338303635373631633531633866666336366536306165
30353532356134653636393031643536356434633735316130616636643461643133396430626135
62386364363036666336626166623134306537353135313933646166373335666337336464346465
38623036613838326664396638646363393033636434353566626637633266303839336637663064
36333238386430326366383832383032623430343834343638313438613431386232303437653333
38383230346665643438396537303161316165653534616439383631396334366163386362613537
66303334383937663637303337616331383136356437386465613066346237343131663663346236
35383531323762656634376561396336303232333662616365623636663161366261663039363065
36666430653665366665313666663762616466356531313834376264646338666238376361396164
66313336636239393138313066323638323132653961363036366333386538616164313431373065
64316563386239643638386630623437306437303439633434613131636233396464323162343835
35643265313630326664653433636233633263393161343839353137633437663065373162303932
36666430623333316437636431386563383766363966393864616562333464383337323232623864
36656237323235353663306264323964356462393231366264343132366536333561663636313266
39393063353538336364393335666434393732393438306437316636353063363930356433306463
64663236333631356639616363353732653436313262386462333565333664326237333536383862
63663465326630333131383333316436376430373030303163666562303564633936663466303634
65623061663161636633343438363065383638323436653566366262363461663065383164376335
32346634313633306661653264323837623839623566313634623063653934303135663237343061
38613461333535663332326438386338306466663364623831613233626239626135323961633063
62376665396633333432383131303362383335316361333439646561316238393861353239306536
31333461613135333463343862333533633334353336336133306363656563613435386466663564
33626439643365613665653764316238656531343637663333393665356437313930623330636163
34626466333832333031396337353863666237383334353234393738343437643835626364336634
63383661613937363535343237366236643262623263643764663861656261333331653131656637
35353831663561323032333233386531623836323031636333646137666639633930633665313735
31363937396539663135613530363665616162646561333438633231323835646561653532313430
63366533613364366565353036326335333436383133393930373632626130323439353837663661
39383336666366313166333135646434653436333866653132653361333363646635343036343439
38326666303536366466663364336165343630396666653362386266396531313232656630356239
36346164636238633034326631373831383335643663666366373763656165303366653034353462
33313166626132656430326364303466323939343466653830626233656534646439616332353961
39396263623239623232663532636139366435623037373138383432356635653436373465353932
32323931636633663231313939323938316139366332656237623264396339363065666663643537
39373861313363653031313362303763373133326137333438353838646437323161646262383130
66393630626332643662613234623166663363346234313934616439356230313162303439323761
32623966396365306539626463653837323536313037626364366661343964656364366236343235
66353464356565343964353237306337613931653666363132616232346633636330303538376330
35306333643835653436303330383033313133343330386662613030346134353064653562656339
37393433373064366437326238363762306139356432373964346234323037333164323666323462
39646161353531346466333765653561386634313139653431653966333330383939663465333433
35366363656435346366346630303961343138316564393265396431383633323861333961666339
62326564373030613230343861316363656434653262643364356262616232636336336562333136
66373336306330633331383466346565313631333239616635616139343033626563
